# unix_time, cycles_done, cur_path, paths_total, pending_total, pending_favs, map_size, unique_crashes, unique_hangs, max_depth, execs_per_sec
1557022095, 0, 0, 1, 1, 1, 0.10%, 0, 0, 1, 1333.33
1557022100, 0, 3, 5, 2, 2, 0.13%, 0, 0, 3, 1881.42
1557022105, 2, 4, 5, 0, 0, 0.13%, 2, 0, 3, 1969.13
1557022110, 5, 3, 5, 0, 0, 0.13%, 2, 0, 3, 2020.62
1557022115, 8, 2, 5, 0, 0, 0.13%, 2, 0, 3, 2020.91
1557022120, 11, 1, 5, 0, 0, 0.13%, 2, 0, 3, 2025.16
1557022126, 14, 0, 5, 0, 0, 0.13%, 2, 0, 3, 2020.59
1557022131, 16, 4, 5, 0, 0, 0.13%, 2, 0, 3, 2022.84
1557022136, 19, 3, 5, 0, 0, 0.13%, 2, 0, 3, 2015.59
1557022141, 22, 1, 5, 0, 0, 0.13%, 2, 0, 3, 1940.65
1557022146, 25, 0, 5, 0, 0, 0.13%, 2, 0, 3, 1988.30
1557022151, 27, 4, 5, 0, 0, 0.13%, 2, 0, 3, 1984.99
1557022156, 30, 3, 5, 0, 0, 0.13%, 2, 0, 3, 1985.64
1557022162, 33, 1, 5, 0, 0, 0.13%, 2, 0, 3, 1895.63
1557022167, 36, 0, 5, 0, 0, 0.13%, 2, 0, 3, 1974.06
1557022172, 38, 4, 5, 0, 0, 0.13%, 2, 0, 3, 1990.90
1557022177, 41, 3, 5, 0, 0, 0.13%, 2, 0, 3, 1937.04
1557022182, 44, 2, 5, 0, 0, 0.13%, 2, 0, 3, 1974.60
1557022187, 47, 1, 5, 0, 0, 0.13%, 2, 0, 3, 1990.20
1557022193, 50, 0, 5, 0, 0, 0.13%, 2, 0, 3, 1997.07
1557022198, 52, 4, 5, 0, 0, 0.13%, 2, 0, 3, 1994.89
1557022203, 55, 3, 5, 0, 0, 0.13%, 2, 0, 3, 2000.52
1557022208, 58, 2, 5, 0, 0, 0.13%, 2, 0, 3, 1961.25
1557022213, 61, 0, 5, 0, 0, 0.13%, 2, 0, 3, 1968.12
1557022218, 63, 4, 5, 0, 0, 0.13%, 2, 0, 3, 1986.94
